
Actelion Java MolfileCreator 1.0

 10 10  0  0  0  0  0  0  0  0999 V2000
    6.4952   -3.0000   -0.0000 O   0  0  0  0  0  0  0  0  0  0  0  0
    5.1962   -2.2500   -0.0000 C   0  0  0  0  0  0  0  0  0  0  0  0
    5.1962   -0.7500   -0.0000 C   0  0  0  0  0  0  0  0  0  0  0  0
    3.8971    0.0000   -0.0000 C   0  0  0  0  0  0  0  0  0  0  0  0
    2.5981   -0.7500   -0.0000 C   0  0  0  0  0  0  0  0  0  0  0  0
    1.2990   -0.0000   -0.0000 C   0  0  0  0  0  0  0  0  0  0  0  0
    1.2990    1.5000   -0.0000 O   0  0  0  0  0  0  0  0  0  0  0  0
    0.0000   -0.7500   -0.0000 O   0  0  0  0  0  0  0  0  0  0  0  0
    2.5981   -2.2500   -0.0000 C   0  0  0  0  0  0  0  0  0  0  0  0
    3.8971   -3.0000   -0.0000 O   0  0  0  0  0  0  0  0  0  0  0  0
  1  2  2  0  0  0  0
  2  3  1  0  0  0  0
  3  4  2  0  0  0  0
  4  5  1  0  0  0  0
  5  6  1  0  0  0  0
  6  7  1  0  0  0  0
  6  8  2  0  0  0  0
  5  9  2  0  0  0  0
  9 10  1  0  0  0  0
  2 10  1  0  0  0  0
M  CHG  1   8   1
M  END
$$$$
Actelion Java MolfileCreator 1.0

  9  9  0  0  0  0  0  0  0  0999 V2000
    1.2990   -0.0000   -0.0000 O   0  0  0  0  0  0  0  0  0  0  0  0
    0.0000   -0.7500   -0.0000 C   0  0  0  0  0  0  0  0  0  0  0  0
   -1.2990    0.0000   -0.0000 C   0  0  0  0  0  0  0  0  0  0  0  0
   -2.5981   -0.7500   -0.0000 C   0  0  0  0  0  0  0  0  0  0  0  0
   -2.5981   -2.2500   -0.0000 C   0  0  0  0  0  0  0  0  0  0  0  0
   -3.8971   -3.0000   -0.0000 C   0  0  0  0  0  0  0  0  0  0  0  0
   -5.1962   -3.7500   -0.0000 O   0  0  0  0  0  0  0  0  0  0  0  0
   -1.2990   -3.0000   -0.0000 C   0  0  0  0  0  0  0  0  0  0  0  0
   -0.0000   -2.2500   -0.0000 O   0  0  0  0  0  0  0  0  0  0  0  0
  1  2  2  0  0  0  0
  2  3  1  0  0  0  0
  3  4  2  0  0  0  0
  4  5  1  0  0  0  0
  5  6  1  0  0  0  0
  6  7  3  0  0  0  0
  5  8  2  0  0  0  0
  8  9  1  0  0  0  0
  2  9  1  0  0  0  0
M  CHG  1   7   1
M  END
$$$$
Actelion Java MolfileCreator 1.0

  9  8  0  0  0  0  0  0  0  0999 V2000
   -2.5981   -3.0000   -0.0000 O   0  0  0  0  0  0  0  0  0  0  0  0
   -1.7321   -2.5000   -0.0000 C   0  0  0  0  0  0  0  0  0  0  0  0
   -0.8660   -2.0000   -0.0000 C   0  0  0  0  0  0  0  0  0  0  0  0
   -0.0000   -1.5000   -0.0000 C   0  0  0  0  0  0  0  0  0  0  0  0
    0.0000   -0.5000   -0.0000 C   0  0  0  0  0  0  0  0  0  0  0  0
   -0.8660   -0.0000   -0.0000 C   0  0  0  0  0  0  0  0  0  0  0  0
   -1.7321    0.5000   -0.0000 O   0  0  0  0  0  0  0  0  0  0  0  0
    0.8660   -0.0000   -0.0000 C   0  0  0  0  0  0  0  0  0  0  0  0
    1.7321   -0.5000   -0.0000 O   0  0  0  0  0  0  0  0  0  0  0  0
  1  2  2  0  0  0  0
  2  3  2  0  0  0  0
  3  4  2  0  0  0  0
  4  5  1  0  0  0  0
  5  6  2  0  0  0  0
  6  7  2  0  0  0  0
  5  8  1  0  0  0  0
  8  9  2  0  0  0  0
M  CHG  1   7   1
M  END
$$$$
Actelion Java MolfileCreator 1.0

  3  2  0  0  0  0  0  0  0  0999 V2000
    0.0000   -0.0000   -0.0000 C   0  0  0  0  0  0  0  0  0  0  0  0
    1.0000   -0.0000   -0.0000 C   0  0  0  0  0  0  0  0  0  0  0  0
    2.0000   -0.0000   -0.0000 O   0  0  0  0  0  0  0  0  0  0  0  0
  1  2  3  0  0  0  0
  2  3  1  0  0  0  0
M  CHG  1   1   1
M  END
$$$$
Actelion Java MolfileCreator 1.0

  7  6  0  0  0  0  0  0  0  0999 V2000
    3.4641    0.5000   -0.0000 C   0  0  0  0  0  0  0  0  0  0  0  0
    2.5981    0.0000   -0.0000 C   0  0  0  0  0  0  0  0  0  0  0  0
    1.7321   -0.5000   -0.0000 C   0  0  0  0  0  0  0  0  0  0  0  0
    1.7321   -1.5000   -0.0000 C   0  0  0  0  0  0  0  0  0  0  0  0
    1.7321   -2.5000   -0.0000 O   0  0  0  0  0  0  0  0  0  0  0  0
    0.8660   -0.0000   -0.0000 C   0  0  0  0  0  0  0  0  0  0  0  0
    0.0000   -0.5000   -0.0000 O   0  0  0  0  0  0  0  0  0  0  0  0
  1  2  3  0  0  0  0
  2  3  1  0  0  0  0
  3  4  2  0  0  0  0
  4  5  2  0  0  0  0
  3  6  1  0  0  0  0
  6  7  2  0  0  0  0
M  CHG  1   5   1
M  END
$$$$
Actelion Java MolfileCreator 1.0

  7  6  0  0  0  0  0  0  0  0999 V2000
    0.0000   -0.0000   -0.0000 O   0  0  0  0  0  0  0  0  0  0  0  0
    1.0000   -0.0000   -0.0000 C   0  0  0  0  0  0  0  0  0  0  0  0
    2.0000   -0.0000   -0.0000 C   0  0  0  0  0  0  0  0  0  0  0  0
    3.0000   -0.0000   -0.0000 C   0  0  0  0  0  0  0  0  0  0  0  0
    4.0000   -0.0000   -0.0000 C   0  0  0  0  0  0  0  0  0  0  0  0
    5.0000   -0.0000   -0.0000 C   0  0  0  0  0  0  0  0  0  0  0  0
    5.5000   -0.8660   -0.0000 O   0  0  0  0  0  0  0  0  0  0  0  0
  1  2  2  0  0  0  0
  2  3  2  0  0  0  0
  3  4  2  0  0  0  0
  4  5  2  0  0  0  0
  5  6  2  0  0  0  0
  6  7  1  0  0  0  0
M  CHG  1   7   1
M  END
$$$$
Actelion Java MolfileCreator 1.0

  7  7  0  0  0  0  0  0  0  0999 V2000
    1.2990   -0.0000   -0.0000 O   0  0  0  0  0  0  0  0  0  0  0  0
    0.0000   -0.7500   -0.0000 C   0  0  0  0  0  0  0  0  0  0  0  0
   -1.2990    0.0000   -0.0000 C   0  0  0  0  0  0  0  0  0  0  0  0
   -2.5981   -0.7500   -0.0000 C   0  0  0  0  0  0  0  0  0  0  0  0
   -2.5981   -2.2500   -0.0000 C   0  0  0  0  0  0  0  0  0  0  0  0
   -1.2990   -3.0000   -0.0000 C   0  0  0  0  0  0  0  0  0  0  0  0
   -0.0000   -2.2500   -0.0000 O   0  0  0  0  0  0  0  0  0  0  0  0
  1  2  2  0  0  0  0
  2  3  1  0  0  0  0
  3  4  2  0  0  0  0
  4  5  1  0  0  0  0
  5  6  2  0  0  0  0
  6  7  1  0  0  0  0
  2  7  1  0  0  0  0
M  CHG  1   1   1
M  END
$$$$
Actelion Java MolfileCreator 1.0

  7  6  0  0  0  0  0  0  0  0999 V2000
    0.0000   -0.0000   -0.0000 C   0  0  0  0  0  0  0  0  0  0  0  0
    1.0000   -0.0000   -0.0000 C   0  0  0  0  0  0  0  0  0  0  0  0
    2.0000   -0.0000   -0.0000 C   0  0  0  0  0  0  0  0  0  0  0  0
    3.0000   -0.0000   -0.0000 C   0  0  0  0  0  0  0  0  0  0  0  0
    4.0000   -0.0000   -0.0000 C   0  0  0  0  0  0  0  0  0  0  0  0
    4.5000   -0.8660   -0.0000 O   0  0  0  0  0  0  0  0  0  0  0  0
    4.5000    0.8660   -0.0000 O   0  0  0  0  0  0  0  0  0  0  0  0
  1  2  2  0  0  0  0
  2  3  2  0  0  0  0
  3  4  2  0  0  0  0
  4  5  2  0  0  0  0
  5  6  1  0  0  0  0
  5  7  1  0  0  0  0
M  CHG  1   7   1
M  END
$$$$
Actelion Java MolfileCreator 1.0

  4  3  0  0  0  0  0  0  0  0999 V2000
    0.0000   -0.0000   -0.0000 C   0  0  0  0  0  0  0  0  0  0  0  0
    1.0000   -0.0000   -0.0000 C   0  0  0  0  0  0  0  0  0  0  0  0
    2.0000   -0.0000   -0.0000 C   0  0  0  0  0  6  0  0  0  0  0  0
    3.0000   -0.0000   -0.0000 C   0  0  0  0  0  0  0  0  0  0  0  0
  1  2  3  0  0  0  0
  2  3  1  0  0  0  0
  3  4  3  0  0  0  0
M  CHG  1   3   1
M  END
$$$$
Actelion Java MolfileCreator 1.0

  4  3  0  0  0  0  0  0  0  0999 V2000
    0.8660    2.0000   -0.0000 C   0  0  0  0  0  0  0  0  0  0  0  0
    0.8660    1.0000   -0.0000 C   0  0  0  0  0  0  0  0  0  0  0  0
    0.8660   -0.0000   -0.0000 C   0  0  0  0  0  6  0  0  0  0  0  0
    0.0000   -0.5000   -0.0000 C   0  0  0  0  0  0  0  0  0  0  0  0
  1  2  3  0  0  0  0
  2  3  1  0  0  0  0
  3  4  2  0  0  0  0
M  CHG  1   3   1
M  END
$$$$
Actelion Java MolfileCreator 1.0

  6  5  0  0  0  0  0  0  0  0999 V2000
    0.0000   -0.0000   -0.0000 C   0  0  0  0  0  0  0  0  0  0  0  0
    1.0000   -0.0000   -0.0000 C   0  0  0  0  0  0  0  0  0  0  0  0
    2.0000   -0.0000   -0.0000 C   0  0  0  0  0  0  0  0  0  0  0  0
    3.0000   -0.0000   -0.0000 C   0  0  0  0  0  0  0  0  0  0  0  0
    4.0000   -0.0000   -0.0000 C   0  0  0  0  0  0  0  0  0  0  0  0
    5.0000   -0.0000   -0.0000 O   0  0  0  0  0  0  0  0  0  0  0  0
  1  2  1  0  0  0  0
  2  3  3  0  0  0  0
  3  4  1  0  0  0  0
  4  5  3  0  0  0  0
  5  6  1  0  0  0  0
M  CHG  1   1   1
M  END
$$$$
Actelion Java MolfileCreator 1.0

  7  6  0  0  0  0  0  0  0  0999 V2000
    4.3301    1.0000   -0.0000 C   0  0  0  0  0  0  0  0  0  0  0  0
    3.4641    0.5000   -0.0000 C   0  0  0  0  0  0  0  0  0  0  0  0
    2.5981   -0.0000   -0.0000 C   0  0  0  0  0  0  0  0  0  0  0  0
    1.7321   -0.5000   -0.0000 C   0  0  0  0  0  0  0  0  0  0  0  0
    0.8660   -0.0000   -0.0000 C   0  0  0  0  0  0  0  0  0  0  0  0
    0.8660    1.0000   -0.0000 O   0  0  0  0  0  0  0  0  0  0  0  0
    0.0000   -0.5000   -0.0000 O   0  0  0  0  0  0  0  0  0  0  0  0
  1  2  2  0  0  0  0
  2  3  2  0  0  0  0
  3  4  2  0  0  0  0
  4  5  1  0  0  0  0
  5  6  2  0  0  0  0
  5  7  1  0  0  0  0
M  CHG  1   4   1
M  END
$$$$
Actelion Java MolfileCreator 1.0

  7  6  0  0  0  0  0  0  0  0999 V2000
    2.5981   -0.7500   -0.0000 O   0  0  0  0  0  0  0  0  0  0  0  0
    1.2990   -0.0000   -0.0000 C   0  0  0  0  0  0  0  0  0  0  0  0
    0.0000   -0.7500   -0.0000 C   0  0  0  0  0  0  0  0  0  0  0  0
   -1.2990    0.0000   -0.0000 C   0  0  0  0  0  0  0  0  0  0  0  0
   -2.5981    0.7500   -0.0000 C   0  0  0  0  0  0  0  0  0  0  0  0
   -3.8971    1.5000   -0.0000 C   0  0  0  0  0  0  0  0  0  0  0  0
   -5.1962    2.2500   -0.0000 O   0  0  0  0  0  0  0  0  0  0  0  0
  1  2  1  0  0  0  0
  2  3  1  0  0  0  0
  3  4  2  0  0  0  0
  4  5  2  0  0  0  0
  5  6  2  0  0  0  0
  6  7  2  0  0  0  0
M  CHG  1   7   1
M  END
$$$$
Actelion Java MolfileCreator 1.0

  5  4  0  0  0  0  0  0  0  0999 V2000
    0.0000   -0.0000   -0.0000 C   0  0  0  0  0  0  0  0  0  0  0  0
    1.0000   -0.0000   -0.0000 C   0  0  0  0  0  0  0  0  0  0  0  0
    2.0000   -0.0000   -0.0000 C   0  0  0  0  0  0  0  0  0  0  0  0
    3.0000   -0.0000   -0.0000 C   0  0  0  0  0  0  0  0  0  0  0  0
    4.0000   -0.0000   -0.0000 O   0  0  0  0  0  0  0  0  0  0  0  0
  1  2  3  0  0  0  0
  2  3  1  0  0  0  0
  3  4  3  0  0  0  0
  4  5  1  0  0  0  0
M  CHG  1   1   1
M  END
$$$$
Actelion Java MolfileCreator 1.0

  7  6  0  0  0  0  0  0  0  0999 V2000
    5.1962   -1.5000   -0.0000 C   0  0  0  0  0  0  0  0  0  0  0  0
    4.3301   -1.0000   -0.0000 C   0  0  0  0  0  0  0  0  0  0  0  0
    3.4641   -0.5000   -0.0000 C   0  0  0  0  0  0  0  0  0  0  0  0
    2.5981   -0.0000   -0.0000 C   0  0  0  0  0  0  0  0  0  0  0  0
    1.7321   -0.5000   -0.0000 O   0  0  0  0  0  0  0  0  0  0  0  0
    0.8660   -0.0000   -0.0000 C   0  0  0  0  0  0  0  0  0  0  0  0
    0.0000   -0.5000   -0.0000 O   0  0  0  0  0  0  0  0  0  0  0  0
  1  2  2  0  0  0  0
  2  3  2  0  0  0  0
  3  4  2  0  0  0  0
  4  5  1  0  0  0  0
  5  6  1  0  0  0  0
  6  7  2  0  0  0  0
M  CHG  1   7   1
M  END
$$$$
Actelion Java MolfileCreator 1.0

  3  2  0  0  0  0  0  0  0  0999 V2000
    0.0000   -0.0000   -0.0000 C   0  0  0  0  0  0  0  0  0  0  0  0
    1.0000   -0.0000   -0.0000 C   0  0  0  0  0  0  0  0  0  0  0  0
    2.0000   -0.0000   -0.0000 C   0  0  0  0  0  0  0  0  0  0  0  0
  1  2  3  0  0  0  0
  2  3  1  0  0  0  0
M  CHG  1   1   1
M  END
$$$$
Actelion Java MolfileCreator 1.0

  3  2  0  0  0  0  0  0  0  0999 V2000
    0.0000   -0.0000   -0.0000 O   0  0  0  0  0  0  0  0  0  0  0  0
    1.0000   -0.0000   -0.0000 C   0  0  0  0  0  0  0  0  0  0  0  0
    2.0000   -0.0000   -0.0000 O   0  0  0  0  0  0  0  0  0  0  0  0
  1  2  2  0  0  0  0
  2  3  2  0  0  0  0
M  CHG  1   3   1
M  END
$$$$
Actelion Java MolfileCreator 1.0

 10  9  0  0  0  0  0  0  0  0999 V2000
   -3.4641    1.5000   -0.0000 O   0  0  0  0  0  0  0  0  0  0  0  0
   -2.5981    1.0000   -0.0000 C   0  0  0  0  0  0  0  0  0  0  0  0
   -1.7321    0.5000   -0.0000 C   0  0  0  0  0  0  0  0  0  0  0  0
   -0.8660    0.0000   -0.0000 C   0  0  0  0  0  0  0  0  0  0  0  0
    0.0000   -0.5000   -0.0000 C   0  0  0  0  0  0  0  0  0  0  0  0
    0.8660   -0.0000   -0.0000 C   0  0  0  0  0  0  0  0  0  0  0  0
    1.7321   -0.5000   -0.0000 O   0  0  0  0  0  0  0  0  0  0  0  0
   -0.0000   -1.5000   -0.0000 C   0  0  0  0  0  0  0  0  0  0  0  0
   -0.8660   -2.0000   -0.0000 O   0  0  0  0  0  0  0  0  0  0  0  0
    0.8660   -2.0000   -0.0000 O   0  0  0  0  0  0  0  0  0  0  0  0
  1  2  2  0  0  0  0
  2  3  2  0  0  0  0
  3  4  2  0  0  0  0
  4  5  2  0  0  0  0
  5  6  1  0  0  0  0
  6  7  1  0  0  0  0
  5  8  1  0  0  0  0
  8  9  1  0  0  0  0
  8 10  2  0  0  0  0
M  CHG  1  10   1
M  END
$$$$
Actelion Java MolfileCreator 1.0

  7  6  0  0  0  0  0  0  0  0999 V2000
    2.5981    2.0000   -0.0000 C   0  0  0  0  0  0  0  0  0  0  0  0
    1.7321    1.5000   -0.0000 C   0  0  0  0  0  0  0  0  0  0  0  0
    0.8660    1.0000   -0.0000 C   0  0  0  0  0  0  0  0  0  0  0  0
   -0.0000    1.5000   -0.0000 C   0  0  0  0  0  0  0  0  0  0  0  0
    0.8660   -0.0000   -0.0000 C   0  0  0  0  0  0  0  0  0  0  0  0
    1.7321   -0.5000   -0.0000 O   0  0  0  0  0  0  0  0  0  0  0  0
    0.0000   -0.5000   -0.0000 O   0  0  0  0  0  0  0  0  0  0  0  0
  1  2  3  0  0  0  0
  2  3  1  0  0  0  0
  3  4  2  0  0  0  0
  3  5  1  0  0  0  0
  5  6  2  0  0  0  0
  5  7  1  0  0  0  0
M  CHG  1   1   1
M  END
$$$$
Actelion Java MolfileCreator 1.0

  9  8  0  0  0  0  0  0  0  0999 V2000
    2.5981    2.2500   -0.0000 C   0  0  0  0  0  0  0  0  0  0  0  0
    1.2990    1.5000   -0.0000 C   0  0  0  0  0  0  0  0  0  0  0  0
   -0.0000    2.2500   -0.0000 C   0  0  0  0  0  0  0  0  0  0  0  0
   -1.2990    3.0000   -0.0000 C   0  0  0  0  0  0  0  0  0  0  0  0
   -2.5981    3.7500   -0.0000 C   0  0  0  0  0  0  0  0  0  0  0  0
   -3.8971    4.5000   -0.0000 O   0  0  0  0  0  0  0  0  0  0  0  0
    1.2990   -0.0000   -0.0000 C   0  0  0  0  0  0  0  0  0  0  0  0
    2.5981   -0.7500   -0.0000 O   0  0  0  0  0  0  0  0  0  0  0  0
    0.0000   -0.7500   -0.0000 O   0  0  0  0  0  0  0  0  0  0  0  0
  1  2  1  0  0  0  0
  2  3  2  0  0  0  0
  3  4  2  0  0  0  0
  4  5  2  0  0  0  0
  5  6  2  0  0  0  0
  2  7  1  0  0  0  0
  7  8  2  0  0  0  0
  7  9  1  0  0  0  0
M  CHG  1   1   1
M  END
$$$$
Actelion Java MolfileCreator 1.0

 10  9  0  0  0  0  0  0  0  0999 V2000
   -1.7321    0.5000   -0.0000 C   0  0  0  0  0  0  0  0  0  0  0  0
   -0.8660    0.0000   -0.0000 C   0  0  0  0  0  0  0  0  0  0  0  0
    0.0000   -0.5000   -0.0000 C   0  0  0  0  0  0  0  0  0  0  0  0
    0.8660   -0.0000   -0.0000 C   0  0  0  0  0  0  0  0  0  0  0  0
    1.7321   -0.5000   -0.0000 O   0  0  0  0  0  0  0  0  0  0  0  0
    2.5981    0.0000   -0.0000 C   0  0  0  0  0  0  0  0  0  0  0  0
    3.4641    0.5000   -0.0000 O   0  0  0  0  0  0  0  0  0  0  0  0
   -0.0000   -1.5000   -0.0000 C   0  0  0  0  0  0  0  0  0  0  0  0
   -0.8660   -2.0000   -0.0000 O   0  0  0  0  0  0  0  0  0  0  0  0
    0.8660   -2.0000   -0.0000 O   0  0  0  0  0  0  0  0  0  0  0  0
  1  2  2  0  0  0  0
  2  3  2  0  0  0  0
  3  4  1  0  0  0  0
  4  5  1  0  0  0  0
  5  6  1  0  0  0  0
  6  7  3  0  0  0  0
  3  8  1  0  0  0  0
  8  9  2  0  0  0  0
  8 10  1  0  0  0  0
M  CHG  1   7   1
M  END
$$$$
Actelion Java MolfileCreator 1.0

  7  6  0  0  0  0  0  0  0  0999 V2000
    2.5981    2.0000   -0.0000 C   0  0  0  0  0  0  0  0  0  0  0  0
    1.7321    1.5000   -0.0000 C   0  0  0  0  0  0  0  0  0  0  0  0
    0.8660    1.0000   -0.0000 C   0  0  0  0  0  0  0  0  0  0  0  0
   -0.0000    1.5000   -0.0000 C   0  0  0  0  0  0  0  0  0  0  0  0
    0.8660   -0.0000   -0.0000 C   0  0  0  0  0  0  0  0  0  0  0  0
    1.7321   -0.5000   -0.0000 O   0  0  0  0  0  0  0  0  0  0  0  0
    0.0000   -0.5000   -0.0000 O   0  0  0  0  0  0  0  0  0  0  0  0
  1  2  3  0  0  0  0
  2  3  1  0  0  0  0
  3  4  2  0  0  0  0
  3  5  1  0  0  0  0
  5  6  1  0  0  0  0
  5  7  2  0  0  0  0
M  CHG  1   7   1
M  END
$$$$
Actelion Java MolfileCreator 1.0

  6  5  0  0  0  0  0  0  0  0999 V2000
   -1.0000    1.7321   -0.0000 C   0  0  0  0  0  0  0  0  0  0  0  0
   -0.5000    0.8660   -0.0000 C   0  0  0  0  0  0  0  0  0  0  0  0
    0.0000   -0.0000   -0.0000 C   0  0  0  0  0  0  0  0  0  0  0  0
   -0.5000   -0.8660   -0.0000 C   0  0  0  0  0  0  0  0  0  0  0  0
    1.0000   -0.0000   -0.0000 C   0  0  0  0  0  0  0  0  0  0  0  0
    2.0000   -0.0000   -0.0000 O   0  0  0  0  0  0  0  0  0  0  0  0
  1  2  3  0  0  0  0
  2  3  1  0  0  0  0
  3  4  1  0  0  0  0
  3  5  2  0  0  0  0
  5  6  2  0  0  0  0
M  CHG  1   1   1
M  END
$$$$
